function [X,x] = matches()
X=[0, 0;
 2.5, 0;
 5, 0;
 7.5, 0;
 10, 0;
 12.5, 0;
 15, 0;
 17.5, 0;
 20, 0;
 0, 2.5;
 2.5, 2.5;
 5, 2.5;
 7.5, 2.5;
 10, 2.5;
 12.5, 2.5;
 15, 2.5;
 17.5, 2.5;
 20, 2.5;
 0, 5;
 2.5, 5;
 5, 5;
 7.5, 5;
 10, 5;
 12.5, 5;
 15, 5;
 17.5, 5;
 20, 5;
 0, 7.5;
 2.5, 7.5;
 5, 7.5;
 7.5, 7.5;
 10, 7.5;
 12.5, 7.5;
 15, 7.5;
 17.5, 7.5;
 20, 7.5;
 0, 10;
 2.5, 10;
 5, 10;
 7.5, 10;
 10, 10;
 12.5, 10;
 15, 10;
 17.5, 10;
 20, 10;
 0, 12.5;
 2.5, 12.5;
 5, 12.5;
 7.5, 12.5;
 10, 12.5;
 12.5, 12.5;
 15, 12.5;
 17.5, 12.5;
 20, 12.5]';

 x{1}=[933.76605, 522.258;
 969.55463, 522.36603;
 1005.5391, 522.51691;
 1042.2949, 522.8042;
 1078.7524, 522.77765;
 1115.6713, 522.8847;
 1153.3092, 522.87805;
 1190.9027, 522.59125;
 1228.6777, 522.91382;
 933.09698, 555.61865;
 969.09747, 555.95935;
 1005.4315, 556.25348;
 1042.3864, 556.43793;
 1079.3069, 556.74377;
 1116.5529, 556.77216;
 1154.4275, 556.72992;
 1192.3501, 556.83203;
 1230.4664, 557.14581;
 932.19934, 589.992;
 968.55591, 590.3714;
 1005.3479, 590.67889;
 1042.4432, 591.02753;
 1079.8463, 591.37799;
 1117.4871, 591.48694;
 1155.5795, 591.6217;
 1193.6913, 591.94586;
 1232.1733, 592.60065;
 931.44293, 625.40027;
 968.20953, 625.87939;
 1005.2171, 626.495;
 1042.7167, 626.81885;
 1080.2742, 627.25391;
 1118.2576, 627.56451;
 1156.8486, 628.03973;
 1195.1792, 628.68567;
 1233.9111, 629.25653;
 930.76941, 660.77411;
 967.81909, 661.4071;
 1005.0516, 661.85736;
 1042.8561, 662.48596;
 1080.8082, 663.18475;
 1119.0417, 663.66418;
 1157.7653, 664.22253;
 1196.5402, 665.14807;
 1235.7799, 665.92175;
 929.84619, 696.89612;
 967.38507, 697.63934;
 1004.856, 698.45929;
 1043.136, 699.03955;
 1081.4456, 699.85205;
 1120.1101, 700.59601;
 1158.8645, 701.50861;
 1197.9797, 702.45422;
 1237.4604, 703.19482]';
 
x{2}=[164.6431, 480.78247;
 215.6651, 485.98785;
 263.62921, 490.78891;
 309.1698, 495.61728;
 352.12299, 499.83875;
 392.91565, 503.78366;
 431.98138, 507.38379;
 469.18701, 510.75696;
 504.25476, 514.4812;
 166.71941, 523.97095;
 218.04683, 527.97015;
 266.23236, 531.80286;
 312.21216, 535.26788;
 355.1362, 538.54974;
 396.31094, 541.4455;
 435.74698, 544.17719;
 472.74289, 546.84991;
 508.05679, 549.61273;
 168.80089, 568.1178;
 220.28325, 570.896;
 268.96283, 573.47876;
 315.12689, 575.82837;
 358.41632, 577.86768;
 399.90732, 579.82996;
 439.34589, 581.68903;
 476.41559, 583.60217;
 511.6601, 585.64032;
 170.88637, 613.99561;
 222.91301, 615.16559;
 271.73706, 616.56177;
 318.30728, 617.60217;
 361.94574, 618.74396;
 403.30698, 619.70447;
 442.90582, 620.68652;
 479.944, 621.92096;
 515.26312, 622.94342;
 173.06345, 659.31879;
 225.29187, 659.49689;
 274.52371, 659.34833;
 321.30466, 659.42426;
 365.11301, 659.44269;
 406.88742, 659.48737;
 446.367, 659.50842;
 483.40286, 659.83112;
 519.15692, 659.79901;
 175.16957, 705.9538;
 227.70419, 704.59875;
 277.13354, 703.45642;
 324.41504, 701.93066;
 368.54089, 700.87445;
 410.38058, 699.8537;
 449.73895, 699.23541;
 487.03409, 698.48682;
 523.07684, 697.58258]';
 
x{3}=[963.62756, 561.77222;
 1016.1266, 563.17792;
 1071.9694, 564.71478;
 1131.6498, 566.44177;
 1194.8402, 568.03876;
 1262.5159, 569.65643;
 1335.6161, 571.16681;
 1413.9586, 572.53308;
 1499.5394, 574.76929;
 952.19513, 615.22662;
 1005.1678, 618.49048;
 1061.325, 621.71448;
 1121.3802, 625.1806;
 1185.0627, 628.83569;
 1253.0355, 632.47009;
 1326.751, 636.18719;
 1406.045, 640.33881;
 1492.5015, 645.18585;
 940.6369, 670.69843;
 993.65436, 675.44055;
 1050.1635, 680.4953;
 1110.6515, 685.93628;
 1174.6118, 691.45361;
 1243.1149, 697.17957;
 1317.5529, 703.61914;
 1397.782, 710.78406;
 1485.4817, 718.88239;
 928.49023, 728.36639;
 981.85291, 734.89343;
 1038.5183, 741.88281;
 1099.266, 749.46136;
 1163.8921, 757.27808;
 1232.9344, 765.53369;
 1308.2146, 774.70776;
 1389.6366, 785.02966;
 1478.2634, 796.43268;
 916.06897, 786.13428;
 969.90851, 794.68646;
 1026.6036, 803.63104;
 1087.6781, 813.18146;
 1152.9111, 823.60394;
 1222.7227, 834.54144;
 1298.777, 846.57092;
 1381.2811, 860.10956;
 1470.9277, 874.86365;
 903.39386, 845.56116;
 957.59955, 856.29254;
 1014.8773, 867.50061;
 1076.0017, 879.3396;
 1141.6322, 892.03546;
 1212.1329, 905.87689;
 1289.5172, 921.27759;
 1372.9017, 937.89996;
 1463.6246, 956.2464]';
 
x{4}=[625.54211, 555.07501;
 681.45673, 558.58496;
 737.99207, 562.28503;
 795.35187, 565.89484;
 852.98175, 569.38483;
 911.16595, 573.02271;
 970.0871, 576.47949;
 1029.3542, 579.60596;
 1088.8466, 583.53516;
 617.31787, 608.42828;
 674.27704, 612.34369;
 731.58588, 616.24298;
 789.93512, 620.10089;
 848.43964, 623.97382;
 907.29749, 627.54883;
 967.44403, 631.20203;
 1027.453, 634.89398;
 1088.0249, 638.95129;
 609.23083, 663.83594;
 666.74536, 668.01416;
 725.117, 672.25104;
 784.30957, 676.46515;
 843.51782, 680.55988;
 903.34241, 684.31049;
 964.37921, 688.37427;
 1025.4423, 692.58789;
 1086.7798, 696.96613;
 600.44806, 722.32806;
 659.0451, 726.67181;
 718.17017, 731.17841;
 778.28369, 735.53082;
 838.61859, 740.04333;
 899.39307, 744.31219;
 961.3078, 748.7049;
 1023.2918, 753.43701;
 1085.5573, 758.22076;
 591.59039, 781.23035;
 651.14478, 786.117;
 711.12683, 790.69049;
 772.12988, 795.55371;
 833.30463, 800.36755;
 895.32159, 805.14673;
 958.12115, 809.8623;
 1020.8476, 815.06537;
 1084.4156, 820.14044;
 582.43195, 842.36993;
 643.10419, 847.58649;
 703.98938, 852.88611;
 765.77808, 857.88037;
 828.00269, 863.10004;
 890.90833, 868.35223;
 954.77008, 873.71613;
 1018.5662, 879.16754;
 1083.2478, 884.36261]';
 
x{5}=[272.92368, 353.50302;
 321.5481, 356.05725;
 368.72549, 358.33221;
 414.71542, 360.75369;
 459.1218, 362.7207;
 502.44147, 364.65277;
 544.96741, 366.39401;
 586.06061, 368.1134;
 626.11237, 369.93951;
 274.27527, 396.26257;
 323.02426, 397.92877;
 370.34229, 399.8844;
 416.58923, 401.40244;
 461.03091, 403.04364;
 504.48502, 404.22498;
 547.13367, 405.40039;
 588.27502, 406.67084;
 628.47968, 407.9794;
 275.75967, 439.50323;
 324.69794, 440.74448;
 372.07602, 441.84549;
 418.38101, 442.87213;
 463.0271, 443.72412;
 506.68701, 444.30484;
 549.27484, 445.06985;
 590.64178, 445.99274;
 630.96558, 446.96985;
 277.29446, 484.1297;
 326.32379, 484.51477;
 373.83643, 485.0502;
 420.33145, 485.26453;
 465.08459, 485.53613;
 508.73718, 485.72949;
 551.58563, 486.04288;
 592.84137, 486.43936;
 633.30884, 486.97461;
 278.74142, 527.83887;
 327.8721, 527.86279;
 375.5661, 527.54309;
 422.05511, 527.34589;
 467.13074, 526.90027;
 510.86569, 526.75073;
 553.69897, 526.50958;
 595.09595, 526.65186;
 635.61462, 526.39014;
 280.21255, 572.39227;
 329.50562, 571.59937;
 377.2092, 570.99567;
 423.9285, 569.87488;
 468.98538, 569.04248;
 512.94873, 568.24524;
 555.81085, 567.68573;
 597.48456, 567.15344;
 638.16003, 566.35803]';
 
